7 0 18
7 0 2
6 0 6
1 0 3
4 0 4
1 0 88
4 1 4
3 1 4
1 0 1
2 0 2
4 1 4
3 1 4
1 0 1
2 0 3
4 1 4
1 0 99
4 1 4
2 0 0
6 0 8
1 0 4
4 0 4
9 0 1
4 0 5
2 0 6
3 0 5
8 0 35
3 0 5
1 0 1
2 0 2
4 0 5
3 0 5
1 0 1
2 0 2
4 0 5
7 0 53
1 0 6
1 0 1
2 0 3
4 0 4
1 0 9
1 0 1
1 0 3
2 0 3
1 0 2
1 0 2
1 0 2
1 0 1
2 0 2
2 0 2
2 0 2
2 0 4
2 0 2
4 0 5
3 0 4
1 0 6
2 0 12
8 0 62
3 0 5
1 0 1
2 0 2
4 0 5
7 0 66
3 0 5
1 0 1
2 0 3
4 0 5
1 0 1
4 0 4
3 0 4
1 0 9
2 0 10
8 0 85
3 0 4
1 0 1
2 0 2
4 0 4
3 0 4
1 0 1
2 0 3
4 0 4
3 0 4
1 0 2
2 0 2
4 0 4
7 0 68
1 0 1
4 0 4
3 0 4
1 0 9
2 0 10
8 0 96
3 0 4
1 0 1
2 0 2
4 0 4
7 0 87
3 0 5
9 0 0
3 0 4
9 0 0
9 0 2
