Line  OP   L  M
   0  JMP  0  18
   1  JMP  0   2
   2  INC  0   6
   3  LIT  0   3
   4  STO  0   4
   5  LIT  0  88
   6  STO  1   4
   7  LOD  1   4
   8  LIT  0   1
   9  OPR  0   2
  10  STO  1   4
  11  LOD  1   4
  12  LIT  0   1
  13  OPR  0   3
  14  STO  1   4
  15  LIT  0  99
  16  STO  1   4
  17  OPR  0   0
  18  INC  0   8
  19  LIT  0   4
  20  STO  0   4
  21  SIO  0   1
  22  STO  0   5
  23  OPR  0   6
  24  LOD  0   5
  25  JPC  0  35
  26  LOD  0   5
  27  LIT  0   1
  28  OPR  0   2
  29  STO  0   5
  30  LOD  0   5
  31  LIT  0   1
  32  OPR  0   2
  33  STO  0   5
  34  JMP  0  53
  35  LIT  0   6
  36  LIT  0   1
  37  OPR  0   3
  38  STO  0   4
  39  LIT  0   9
  40  LIT  0   1
  41  LIT  0   3
  42  OPR  0   3
  43  LIT  0   2
  44  LIT  0   2
  45  LIT  0   2
  46  LIT  0   1
  47  OPR  0   2
  48  OPR  0   2
  49  OPR  0   2
  50  OPR  0   4
  51  OPR  0   2
  52  STO  0   5
  53  LOD  0   4
  54  LIT  0   6
  55  OPR  0  12
  56  JPC  0  62
  57  LOD  0   5
  58  LIT  0   1
  59  OPR  0   2
  60  STO  0   5
  61  JMP  0  66
  62  LOD  0   5
  63  LIT  0   1
  64  OPR  0   3
  65  STO  0   5
  66  LIT  0   1
  67  STO  0   4
  68  LOD  0   4
  69  LIT  0   9
  70  OPR  0  10
  71  JPC  0  85
  72  LOD  0   4
  73  LIT  0   1
  74  OPR  0   2
  75  STO  0   4
  76  LOD  0   4
  77  LIT  0   1
  78  OPR  0   3
  79  STO  0   4
  80  LOD  0   4
  81  LIT  0   2
  82  OPR  0   2
  83  STO  0   4
  84  JMP  0  68
  85  LIT  0   1
  86  STO  0   4
  87  LOD  0   4
  88  LIT  0   9
  89  OPR  0  10
  90  JPC  0  96
  91  LOD  0   4
  92  LIT  0   1
  93  OPR  0   2
  94  STO  0   4
  95  JMP  0  87
  96  LOD  0   5
  97  SIO  0   0
  98  LOD  0   4
  99  SIO  0   0
 100  SIO  0   2


                   pc  bp  sp  stack
Initial values      0   1   0
   0  JMP  0  18   18   1   0  
  18  INC  0   8   19   1   8  0 0 0 0 0 0 0 0 
  19  LIT  0   4   20   1   9  0 0 0 0 0 0 0 0 4 
  20  STO  0   4   21   1   8  0 0 0 0 4 0 0 0 
  21  SIO  0   1   22   1   9  0 0 0 0 4 0 0 0 2 
  22  STO  0   5   23   1   8  0 0 0 0 4 2 0 0 
  23  OPR  0   6   24   1   8  0 0 0 0 4 2 0 0 
  24  LOD  0   5   25   1   9  0 0 0 0 4 2 0 0 2 
  25  JPC  0  35   26   1   8  0 0 0 0 4 2 0 0 
  26  LOD  0   5   27   1   9  0 0 0 0 4 2 0 0 2 
  27  LIT  0   1   28   1  10  0 0 0 0 4 2 0 0 2 1 
  28  OPR  0   2   29   1   9  0 0 0 0 4 2 0 0 3 
  29  STO  0   5   30   1   8  0 0 0 0 4 3 0 0 
  30  LOD  0   5   31   1   9  0 0 0 0 4 3 0 0 3 
  31  LIT  0   1   32   1  10  0 0 0 0 4 3 0 0 3 1 
  32  OPR  0   2   33   1   9  0 0 0 0 4 3 0 0 4 
  33  STO  0   5   34   1   8  0 0 0 0 4 4 0 0 
  34  JMP  0  53   53   1   8  0 0 0 0 4 4 0 0 
  53  LOD  0   4   54   1   9  0 0 0 0 4 4 0 0 4 
  54  LIT  0   6   55   1  10  0 0 0 0 4 4 0 0 4 6 
  55  OPR  0  12   56   1   9  0 0 0 0 4 4 0 0 0 
  56  JPC  0  62   62   1   8  0 0 0 0 4 4 0 0 
  62  LOD  0   5   63   1   9  0 0 0 0 4 4 0 0 4 
  63  LIT  0   1   64   1  10  0 0 0 0 4 4 0 0 4 1 
  64  OPR  0   3   65   1   9  0 0 0 0 4 4 0 0 3 
  65  STO  0   5   66   1   8  0 0 0 0 4 3 0 0 
  66  LIT  0   1   67   1   9  0 0 0 0 4 3 0 0 1 
  67  STO  0   4   68   1   8  0 0 0 0 1 3 0 0 
  68  LOD  0   4   69   1   9  0 0 0 0 1 3 0 0 1 
  69  LIT  0   9   70   1  10  0 0 0 0 1 3 0 0 1 9 
  70  OPR  0  10   71   1   9  0 0 0 0 1 3 0 0 1 
  71  JPC  0  85   72   1   8  0 0 0 0 1 3 0 0 
  72  LOD  0   4   73   1   9  0 0 0 0 1 3 0 0 1 
  73  LIT  0   1   74   1  10  0 0 0 0 1 3 0 0 1 1 
  74  OPR  0   2   75   1   9  0 0 0 0 1 3 0 0 2 
  75  STO  0   4   76   1   8  0 0 0 0 2 3 0 0 
  76  LOD  0   4   77   1   9  0 0 0 0 2 3 0 0 2 
  77  LIT  0   1   78   1  10  0 0 0 0 2 3 0 0 2 1 
  78  OPR  0   3   79   1   9  0 0 0 0 2 3 0 0 1 
  79  STO  0   4   80   1   8  0 0 0 0 1 3 0 0 
  80  LOD  0   4   81   1   9  0 0 0 0 1 3 0 0 1 
  81  LIT  0   2   82   1  10  0 0 0 0 1 3 0 0 1 2 
  82  OPR  0   2   83   1   9  0 0 0 0 1 3 0 0 3 
  83  STO  0   4   84   1   8  0 0 0 0 3 3 0 0 
  84  JMP  0  68   68   1   8  0 0 0 0 3 3 0 0 
  68  LOD  0   4   69   1   9  0 0 0 0 3 3 0 0 3 
  69  LIT  0   9   70   1  10  0 0 0 0 3 3 0 0 3 9 
  70  OPR  0  10   71   1   9  0 0 0 0 3 3 0 0 1 
  71  JPC  0  85   72   1   8  0 0 0 0 3 3 0 0 
  72  LOD  0   4   73   1   9  0 0 0 0 3 3 0 0 3 
  73  LIT  0   1   74   1  10  0 0 0 0 3 3 0 0 3 1 
  74  OPR  0   2   75   1   9  0 0 0 0 3 3 0 0 4 
  75  STO  0   4   76   1   8  0 0 0 0 4 3 0 0 
  76  LOD  0   4   77   1   9  0 0 0 0 4 3 0 0 4 
  77  LIT  0   1   78   1  10  0 0 0 0 4 3 0 0 4 1 
  78  OPR  0   3   79   1   9  0 0 0 0 4 3 0 0 3 
  79  STO  0   4   80   1   8  0 0 0 0 3 3 0 0 
  80  LOD  0   4   81   1   9  0 0 0 0 3 3 0 0 3 
  81  LIT  0   2   82   1  10  0 0 0 0 3 3 0 0 3 2 
  82  OPR  0   2   83   1   9  0 0 0 0 3 3 0 0 5 
  83  STO  0   4   84   1   8  0 0 0 0 5 3 0 0 
  84  JMP  0  68   68   1   8  0 0 0 0 5 3 0 0 
  68  LOD  0   4   69   1   9  0 0 0 0 5 3 0 0 5 
  69  LIT  0   9   70   1  10  0 0 0 0 5 3 0 0 5 9 
  70  OPR  0  10   71   1   9  0 0 0 0 5 3 0 0 1 
  71  JPC  0  85   72   1   8  0 0 0 0 5 3 0 0 
  72  LOD  0   4   73   1   9  0 0 0 0 5 3 0 0 5 
  73  LIT  0   1   74   1  10  0 0 0 0 5 3 0 0 5 1 
  74  OPR  0   2   75   1   9  0 0 0 0 5 3 0 0 6 
  75  STO  0   4   76   1   8  0 0 0 0 6 3 0 0 
  76  LOD  0   4   77   1   9  0 0 0 0 6 3 0 0 6 
  77  LIT  0   1   78   1  10  0 0 0 0 6 3 0 0 6 1 
  78  OPR  0   3   79   1   9  0 0 0 0 6 3 0 0 5 
  79  STO  0   4   80   1   8  0 0 0 0 5 3 0 0 
  80  LOD  0   4   81   1   9  0 0 0 0 5 3 0 0 5 
  81  LIT  0   2   82   1  10  0 0 0 0 5 3 0 0 5 2 
  82  OPR  0   2   83   1   9  0 0 0 0 5 3 0 0 7 
  83  STO  0   4   84   1   8  0 0 0 0 7 3 0 0 
  84  JMP  0  68   68   1   8  0 0 0 0 7 3 0 0 
  68  LOD  0   4   69   1   9  0 0 0 0 7 3 0 0 7 
  69  LIT  0   9   70   1  10  0 0 0 0 7 3 0 0 7 9 
  70  OPR  0  10   71   1   9  0 0 0 0 7 3 0 0 1 
  71  JPC  0  85   72   1   8  0 0 0 0 7 3 0 0 
  72  LOD  0   4   73   1   9  0 0 0 0 7 3 0 0 7 
  73  LIT  0   1   74   1  10  0 0 0 0 7 3 0 0 7 1 
  74  OPR  0   2   75   1   9  0 0 0 0 7 3 0 0 8 
  75  STO  0   4   76   1   8  0 0 0 0 8 3 0 0 
  76  LOD  0   4   77   1   9  0 0 0 0 8 3 0 0 8 
  77  LIT  0   1   78   1  10  0 0 0 0 8 3 0 0 8 1 
  78  OPR  0   3   79   1   9  0 0 0 0 8 3 0 0 7 
  79  STO  0   4   80   1   8  0 0 0 0 7 3 0 0 
  80  LOD  0   4   81   1   9  0 0 0 0 7 3 0 0 7 
  81  LIT  0   2   82   1  10  0 0 0 0 7 3 0 0 7 2 
  82  OPR  0   2   83   1   9  0 0 0 0 7 3 0 0 9 
  83  STO  0   4   84   1   8  0 0 0 0 9 3 0 0 
  84  JMP  0  68   68   1   8  0 0 0 0 9 3 0 0 
  68  LOD  0   4   69   1   9  0 0 0 0 9 3 0 0 9 
  69  LIT  0   9   70   1  10  0 0 0 0 9 3 0 0 9 9 
  70  OPR  0  10   71   1   9  0 0 0 0 9 3 0 0 0 
  71  JPC  0  85   85   1   8  0 0 0 0 9 3 0 0 
  85  LIT  0   1   86   1   9  0 0 0 0 9 3 0 0 1 
  86  STO  0   4   87   1   8  0 0 0 0 1 3 0 0 
  87  LOD  0   4   88   1   9  0 0 0 0 1 3 0 0 1 
  88  LIT  0   9   89   1  10  0 0 0 0 1 3 0 0 1 9 
  89  OPR  0  10   90   1   9  0 0 0 0 1 3 0 0 1 
  90  JPC  0  96   91   1   8  0 0 0 0 1 3 0 0 
  91  LOD  0   4   92   1   9  0 0 0 0 1 3 0 0 1 
  92  LIT  0   1   93   1  10  0 0 0 0 1 3 0 0 1 1 
  93  OPR  0   2   94   1   9  0 0 0 0 1 3 0 0 2 
  94  STO  0   4   95   1   8  0 0 0 0 2 3 0 0 
  95  JMP  0  87   87   1   8  0 0 0 0 2 3 0 0 
  87  LOD  0   4   88   1   9  0 0 0 0 2 3 0 0 2 
  88  LIT  0   9   89   1  10  0 0 0 0 2 3 0 0 2 9 
  89  OPR  0  10   90   1   9  0 0 0 0 2 3 0 0 1 
  90  JPC  0  96   91   1   8  0 0 0 0 2 3 0 0 
  91  LOD  0   4   92   1   9  0 0 0 0 2 3 0 0 2 
  92  LIT  0   1   93   1  10  0 0 0 0 2 3 0 0 2 1 
  93  OPR  0   2   94   1   9  0 0 0 0 2 3 0 0 3 
  94  STO  0   4   95   1   8  0 0 0 0 3 3 0 0 
  95  JMP  0  87   87   1   8  0 0 0 0 3 3 0 0 
  87  LOD  0   4   88   1   9  0 0 0 0 3 3 0 0 3 
  88  LIT  0   9   89   1  10  0 0 0 0 3 3 0 0 3 9 
  89  OPR  0  10   90   1   9  0 0 0 0 3 3 0 0 1 
  90  JPC  0  96   91   1   8  0 0 0 0 3 3 0 0 
  91  LOD  0   4   92   1   9  0 0 0 0 3 3 0 0 3 
  92  LIT  0   1   93   1  10  0 0 0 0 3 3 0 0 3 1 
  93  OPR  0   2   94   1   9  0 0 0 0 3 3 0 0 4 
  94  STO  0   4   95   1   8  0 0 0 0 4 3 0 0 
  95  JMP  0  87   87   1   8  0 0 0 0 4 3 0 0 
  87  LOD  0   4   88   1   9  0 0 0 0 4 3 0 0 4 
  88  LIT  0   9   89   1  10  0 0 0 0 4 3 0 0 4 9 
  89  OPR  0  10   90   1   9  0 0 0 0 4 3 0 0 1 
  90  JPC  0  96   91   1   8  0 0 0 0 4 3 0 0 
  91  LOD  0   4   92   1   9  0 0 0 0 4 3 0 0 4 
  92  LIT  0   1   93   1  10  0 0 0 0 4 3 0 0 4 1 
  93  OPR  0   2   94   1   9  0 0 0 0 4 3 0 0 5 
  94  STO  0   4   95   1   8  0 0 0 0 5 3 0 0 
  95  JMP  0  87   87   1   8  0 0 0 0 5 3 0 0 
  87  LOD  0   4   88   1   9  0 0 0 0 5 3 0 0 5 
  88  LIT  0   9   89   1  10  0 0 0 0 5 3 0 0 5 9 
  89  OPR  0  10   90   1   9  0 0 0 0 5 3 0 0 1 
  90  JPC  0  96   91   1   8  0 0 0 0 5 3 0 0 
  91  LOD  0   4   92   1   9  0 0 0 0 5 3 0 0 5 
  92  LIT  0   1   93   1  10  0 0 0 0 5 3 0 0 5 1 
  93  OPR  0   2   94   1   9  0 0 0 0 5 3 0 0 6 
  94  STO  0   4   95   1   8  0 0 0 0 6 3 0 0 
  95  JMP  0  87   87   1   8  0 0 0 0 6 3 0 0 
  87  LOD  0   4   88   1   9  0 0 0 0 6 3 0 0 6 
  88  LIT  0   9   89   1  10  0 0 0 0 6 3 0 0 6 9 
  89  OPR  0  10   90   1   9  0 0 0 0 6 3 0 0 1 
  90  JPC  0  96   91   1   8  0 0 0 0 6 3 0 0 
  91  LOD  0   4   92   1   9  0 0 0 0 6 3 0 0 6 
  92  LIT  0   1   93   1  10  0 0 0 0 6 3 0 0 6 1 
  93  OPR  0   2   94   1   9  0 0 0 0 6 3 0 0 7 
  94  STO  0   4   95   1   8  0 0 0 0 7 3 0 0 
  95  JMP  0  87   87   1   8  0 0 0 0 7 3 0 0 
  87  LOD  0   4   88   1   9  0 0 0 0 7 3 0 0 7 
  88  LIT  0   9   89   1  10  0 0 0 0 7 3 0 0 7 9 
  89  OPR  0  10   90   1   9  0 0 0 0 7 3 0 0 1 
  90  JPC  0  96   91   1   8  0 0 0 0 7 3 0 0 
  91  LOD  0   4   92   1   9  0 0 0 0 7 3 0 0 7 
  92  LIT  0   1   93   1  10  0 0 0 0 7 3 0 0 7 1 
  93  OPR  0   2   94   1   9  0 0 0 0 7 3 0 0 8 
  94  STO  0   4   95   1   8  0 0 0 0 8 3 0 0 
  95  JMP  0  87   87   1   8  0 0 0 0 8 3 0 0 
  87  LOD  0   4   88   1   9  0 0 0 0 8 3 0 0 8 
  88  LIT  0   9   89   1  10  0 0 0 0 8 3 0 0 8 9 
  89  OPR  0  10   90   1   9  0 0 0 0 8 3 0 0 1 
  90  JPC  0  96   91   1   8  0 0 0 0 8 3 0 0 
  91  LOD  0   4   92   1   9  0 0 0 0 8 3 0 0 8 
  92  LIT  0   1   93   1  10  0 0 0 0 8 3 0 0 8 1 
  93  OPR  0   2   94   1   9  0 0 0 0 8 3 0 0 9 
  94  STO  0   4   95   1   8  0 0 0 0 9 3 0 0 
  95  JMP  0  87   87   1   8  0 0 0 0 9 3 0 0 
  87  LOD  0   4   88   1   9  0 0 0 0 9 3 0 0 9 
  88  LIT  0   9   89   1  10  0 0 0 0 9 3 0 0 9 9 
  89  OPR  0  10   90   1   9  0 0 0 0 9 3 0 0 0 
  90  JPC  0  96   96   1   8  0 0 0 0 9 3 0 0 
  96  LOD  0   5   97   1   9  0 0 0 0 9 3 0 0 3 
  97  SIO  0   0   98   1   8  0 0 0 0 9 3 0 0 
  98  LOD  0   4   99   1   9  0 0 0 0 9 3 0 0 9 
  99  SIO  0   0   100   1   8  0 0 0 0 9 3 0 0 
 100  SIO  0   2 