Line  OP   L  M
   0  JMP  0  25
   1  JMP  0   2
   2  INC  0   5
   3  LOD  1   5
   4  STO  0   4
   5  LOD  1   5
   6  LIT  0   1
   7  OPR  0   3
   8  STO  1   5
   9  LOD  1   5
  10  LIT  0   0
  11  OPR  0   8
  12  JPC  0  15
  13  LIT  0   1
  14  STO  1   4
  15  LOD  1   5
  16  LIT  0   0
  17  OPR  0  12
  18  JPC  0  20
  19  CAL  1   2
  20  LOD  1   4
  21  LOD  0   4
  22  OPR  0   4
  23  STO  1   4
  24  OPR  0   0
  25  INC  0   6
  26  LIT  0   3
  27  STO  0   5
  28  CAL  0   2
  29  LOD  0   4
  30  SIO  0   0
  31  SIO  0   2


                   pc  bp  sp  stack
Initial values      0   1   0
   0  JMP  0  25   25   1   0  
  25  INC  0   6   26   1   6  0 0 0 0 0 0 
  26  LIT  0   3   27   1   7  0 0 0 0 0 0 3 
  27  STO  0   5   28   1   6  0 0 0 0 0 3 
  28  CAL  0   2    2   7   6  0 0 0 0 0 3 
   2  INC  0   5    3   7  11  0 0 0 0 0 3 | 0 1 1 29 0 
   3  LOD  1   5    4   7  12  0 0 0 0 0 3 | 0 1 1 29 0 3 
   4  STO  0   4    5   7  11  0 0 0 0 0 3 | 0 1 1 29 3 
   5  LOD  1   5    6   7  12  0 0 0 0 0 3 | 0 1 1 29 3 3 
   6  LIT  0   1    7   7  13  0 0 0 0 0 3 | 0 1 1 29 3 3 1 
   7  OPR  0   3    8   7  12  0 0 0 0 0 3 | 0 1 1 29 3 2 
   8  STO  1   5    9   7  11  0 0 0 0 0 2 | 0 1 1 29 3 
   9  LOD  1   5   10   7  12  0 0 0 0 0 2 | 0 1 1 29 3 2 
  10  LIT  0   0   11   7  13  0 0 0 0 0 2 | 0 1 1 29 3 2 0 
  11  OPR  0   8   12   7  12  0 0 0 0 0 2 | 0 1 1 29 3 0 
  12  JPC  0  15   15   7  11  0 0 0 0 0 2 | 0 1 1 29 3 
  15  LOD  1   5   16   7  12  0 0 0 0 0 2 | 0 1 1 29 3 2 
  16  LIT  0   0   17   7  13  0 0 0 0 0 2 | 0 1 1 29 3 2 0 
  17  OPR  0  12   18   7  12  0 0 0 0 0 2 | 0 1 1 29 3 1 
  18  JPC  0  20   19   7  11  0 0 0 0 0 2 | 0 1 1 29 3 
  19  CAL  1   2    2   12  11  0 0 0 0 0 2 | 0 1 1 29 3 
   2  INC  0   5    3   12  16  0 0 0 0 0 2 | 0 1 1 29 3 | 0 1 7 20 0 
   3  LOD  1   5    4   12  17  0 0 0 0 0 2 | 0 1 1 29 3 | 0 1 7 20 0 0 
   4  STO  0   4    5   12  16  0 0 0 0 0 2 | 0 1 1 29 3 | 0 1 7 20 0 
   5  LOD  1   5    6   12  17  0 0 0 0 0 2 | 0 1 1 29 3 | 0 1 7 20 0 0 
   6  LIT  0   1    7   12  18  0 0 0 0 0 2 | 0 1 1 29 3 | 0 1 7 20 0 0 1 
   7  OPR  0   3    8   12  17  0 0 0 0 0 2 | 0 1 1 29 3 | 0 1 7 20 0 -1 
   8  STO  1   5    9   12  16  0 0 0 0 0 2 | 0 1 1 29 3 | -1 1 7 20 0 
   9  LOD  1   5   10   12  17  0 0 0 0 0 2 | 0 1 1 29 3 | -1 1 7 20 0 -1 
  10  LIT  0   0   11   12  18  0 0 0 0 0 2 | 0 1 1 29 3 | -1 1 7 20 0 -1 0 
  11  OPR  0   8   12   12  17  0 0 0 0 0 2 | 0 1 1 29 3 | -1 1 7 20 0 0 
  12  JPC  0  15   15   12  16  0 0 0 0 0 2 | 0 1 1 29 3 | -1 1 7 20 0 
  15  LOD  1   5   16   12  17  0 0 0 0 0 2 | 0 1 1 29 3 | -1 1 7 20 0 -1 
  16  LIT  0   0   17   12  18  0 0 0 0 0 2 | 0 1 1 29 3 | -1 1 7 20 0 -1 0 
  17  OPR  0  12   18   12  17  0 0 0 0 0 2 | 0 1 1 29 3 | -1 1 7 20 0 0 
  18  JPC  0  20   20   12  16  0 0 0 0 0 2 | 0 1 1 29 3 | -1 1 7 20 0 
  20  LOD  1   4   21   12  17  0 0 0 0 0 2 | 0 1 1 29 3 | -1 1 7 20 0 3 
  21  LOD  0   4   22   12  18  0 0 0 0 0 2 | 0 1 1 29 3 | -1 1 7 20 0 3 0 
  22  OPR  0   4   23   12  17  0 0 0 0 0 2 | 0 1 1 29 3 | -1 1 7 20 0 0 
  23  STO  1   4   24   12  16  0 0 0 0 0 2 | 0 1 1 29 0 | -1 1 7 20 0 
  24  OPR  0   0   20   7  11  0 0 0 0 0 2 | 0 1 1 29 0 
  20  LOD  1   4   21   7  12  0 0 0 0 0 2 | 0 1 1 29 0 0 
  21  LOD  0   4   22   7  13  0 0 0 0 0 2 | 0 1 1 29 0 0 0 
  22  OPR  0   4   23   7  12  0 0 0 0 0 2 | 0 1 1 29 0 0 
  23  STO  1   4   24   7  11  0 0 0 0 0 2 | 0 1 1 29 0 
  24  OPR  0   0   29   1   6  0 0 0 0 0 2 
  29  LOD  0   4   30   1   7  0 0 0 0 0 2 0 
  30  SIO  0   0   31   1   6  0 0 0 0 0 2 
  31  SIO  0   2 